..6-

111616,166116616 6611616 666 16611666 61661666, 616616 1166116661666
nombre 16 61 nombre.

Osnecia 616 666111616616166116 1116666 6 1166 1116666 protectores
de 166 1666666166 61166, 6 6661116616 66 16 111616 66 6616616 1616-61
6116 166 16 166 0616616166. (166661666161616 611166616 66 116616, 6
6661166 6666 6616616 6616666, 6666116166616 666 166 1661166 66-
166. 116 6661661, 6 procurando 6116666116 116116 66 verde 6616666616
661111166 6166 666 666 66666 frondosos, 666 66 prodigio 1661166166 61-
1611611616 16611666 pnes el 6116661 11161666 66 6116666 16166616,
6661161666 166 161666, 1 661616 16666 6666 6616616 66 666616, 6 .
66166666 61 piso 666 66 6666616116 116 1661161 me agita 66 61661166
6 61 666 16 66 66666 16161616 6666616. Y 16 66666 6166166 66 166
6666161166 616116 161 6116 6 66616611 16616166 666666 6661166, 6
66116 66616 sangro 16 16 6611616 161 6116. 116661616616666166 cosas
66 mi 16166, 66661616 1 166 1116166 661661666 61 Ρ611611161166 666
166166 166 campos 11111666, 6616 6666ρί116666 16111666616166 61616-
6666 6116166116 61 661616; 6616 (1666666 666 66611166 66666661
6111666 1166 16166166 66166, 6 66 6111166 16 16111166 666116 16 61666 66·
16166116, 11611611 1 6611611. 66666116 1661116616 66 66616116616 161
1116616, 611666 11616 61166 666 666 666 contestu: (116666, 6166111-
( 1666166 166 16161161 6611666 6166 666611616; 61116 61 61616661 166
( manos pindosns3 11666 66 6161666, 66 6611616 6616116 6616 666616
(6666166 16 16 planta. 111116666166 1161166 6166166, 1666 6616
(61666 666116616, pnes 66 666 16111616. ’1616 66 eampo (16 6661666
11616116 166 661111 11666661616666 aqui 616 16161616 66 666166
( dardos.» 16166666, por 616116, 6661616 61 66616666 6661666 61616,
166 66 166116 6116116666 616 66161166 6661166616 666 66 16 garganta.
El 1616 16 Priamo habia 6661616 66 6116 116666 61 166 (16 1166161 6616
16111616 161116666616, 6616 66616666 6116661616 666 6666166 sumn
(16616, 666616 66 (1666661616 16166 6116661616 Dardania 6 6616 666
16616161 616 6611661616 6161666116. 16661, 661 666166166166116-
16166 166 1661166 16 166 666166 6 66166 161111 16 Fortuna, 616616616 61

trente 1161616 161161611616616 1161666 6 1611161616 16 66611166 16 6116666166. 116 Bn-
1111611666116 16161616611616 es, 616 611 1111166666 666 66 61 66616 1616116 6611161616
ser 61166616 66116 166 costas 11116. 161 66 61 pnes 616 16 6661166166 16 septima (61116
significa 6661166 61616 6616616666-666 66 61616 6616666.

Ι (n) 22 1’6616166·-116666666 6166666 116116116661111666161161666616661616116
61616166,66166616616166166 eran 6661666616 166116 66116 166 6661616166.

(ιι) 13 11611666-81661661 61116 61 6116616 6666661616 1 116666, 116666, 166 66116-
61666 66 6616116 16 11166, 66 6116 menos 1611 1 16666116 6616 6161661 166 6166 66 66
6661111116 116616 11661666 6666. 1116616666 11666666 61661616116166111616611661
16166166 6666 16 1166 66 66611616 Cornus 6666611666.

58 Primumque 6616616161-11666, 116116, 86161-11666,1116611 6616166 666

161611161166661666616 6666666661616666116. 1166666616 ser, 6616 es 61616 666 6616
6666161666 tendente 6616 61 61666 16661666, 616661 ἢ66116 161 666116, 61166666 66-

6616611666 61666616 661 61 616616, 16661666 66166
Nec 166666116166116 1111, 616666 6616616 1161616 66166116, 1
16616116, 66 61616 661666 16661666 61166661 66616 deliberativo 6 116666 61 61116166, 666-

61661666616 nn 6616666616.

66 quien 1616661161 16 ,

161116 6666 6116 66116611161166 61111116 (161 6616116. Virgilio 611666616661161661666- .

6661Α (1616666616, 6166116616 666 16616 66166666 6616116 6666 66 611666 61 6161666 66111166
de 1161180.

 

