l

, 11111111111111111111 1111111111 1111111111111111.»

..19-

m el 11111 1111111,11 11111 11111111111111 11111. 1111111111111-
mos 11 1111111111, 1111111111 11111, y 11111111 1111111 11111 velas.
Y 11 111111111 11 Aurora 1111111111111 11111111111,111111111111
1111 lejos los obscuros 11111111 y 11111111 1111 baja. ltalia! 11111111
Anates 1111111111 111111111111111111111111111 111 1111111111111.
1111111111 ol 11111111111111 111111 111111111111 11 grande 11111
la 11111 111111, 1111111 llos 1111111,111111111 111 sobre 11 1111
popa :-‹0 Dioses‚ 1111111111 111 ,1111111 11 1111111 11111 1111111-
1 11111,111111111 11 111111 111 11111 11111 111111111111111111.1-
Las 11111111 1111111 11 111111 1111 1111111111, 111111111 11 1111111 11
mas cercan0‚y 1111111 11 111 11111111 11 templo 1111111111. 111
1111111111111111111111111111111 11111111 111111 11 cosla. El 1111-
11 11 cimbra 1111111111 11111111111111111;111111111111111-
11111 1111111111 11111 11111111111ς ll 1111111111 111111; 111111-
111111 11111111111 1111111111 1111111111 11111111 11111111 1111111
quoda 1111111111 1111111.
Aqui vl 111111111111·111111,111111111111111111111111111111
111111111111111111111111111111111111. 1111111111 1111111111
“ 11111111 111 11111111, 11 111111 11111111111111111 caballos 11111111
1 1111 11 guerra, 11111 111111111111111111111111; 1111111 11111111,
1 11111 11111111 1111111111111111111111 1111 111111111111111111111
111 11111, y 111111 111 1111111111111 11111 1111, 1111111111111
1111111111 11 11111111. Enlonces 111111111111 11111 1111111111
111 11 11111111111 Palas, 11111 11111111 111 11111111 1111111; y nos
1111111111 1111111111111111111111 1111111111 11111 111 111111-
los (11 1111111 111 111 11111111111111111111, 1111111111 11111 11 1111
111 proscriptas 11111111 11 111111111111111111. No 1111 1111111ε 11
11111111,111111111 1111111111111111111111111,1111111 111 cahos de
111111111111111111 11 111111 11111111111111 111111 11111111111
1111 1 delos 11111111. 1111111 se divisa 11 11111111111111,1111111
111 1111111 1111111111 11 1111111111. 111 111111111111 11111111 111·
1111111111 1111111111 11111111 11 naufragoso 8111111. 1111111111 1111
1111111111 111 agua el 11111 ‘Sicilianm 11111111111111 1111111111-
11111 11111111 111 11111111 11111111, y los 1111 111 11 1111111111 11
1111 11111111; y los 11111 bullen 111 1111111111 1111111111 111 11 11111-
11.
1 ‘l el 11111 1111111111 «Puesl 1111 11 1111111611111111. 1111111
«1111111111 11111 11111111,11111111111111111111. 11111111 1111-
1 1111111, 1111111 111 11111111111111 remos.» 11111111 menos
que lo que 111 mundulos, 1 Palinuro el 11111111 11111111111111 11-
11111111 11111 111111 11111111111; 1111 1111111111 1111111111 1·
1111111111111 111111111111. 111111111111 11 11111 sobre 11 11111 abis-s
mo, y los 11111111, 1111111111 11 1111, 1111111111 111111111111 111-
111. ’111111111111 11111111111111 11 1111111 11111111 1111111 11111
1111111111 vimus 11 1111111111111111111111 111 111111 1111111111.

ffl

luno los 1111111111 1111111111,11111 1111111 1111111111111111111111111 «1111111111 .

 

