ἰ 333, 3333 3111 33313133333 31

..33-

, 1133313313, 31 313313 31 mismo 1133333 33331 331333 3133331331 333-
1 sados,y desviados 331 3313133, 3333131333 1( 133 313333 (13 133 ciclopes.
¹ ΕΙ 333313 33 1333333113 31 33313 (13 133 3133133, 331 mismo 33 3331131-

133 333 3333333333 1333113133, 3313 333

33 3333313 (1333333313 31 3133 3333 33133 333331133133313333 33 3 33-

, 3333 candente, 3 1333313 3131133 (13 1133333 3 13333 133 331333; (13 333 33
“ 3333313 13333 3333113313 133 3313333333 133 (13 33333133 33133333 (131
333313, 3 3331331333 3313313331313 133 1133313313333 3133133 31333 3 133113
33 13 mas 3133133313. Es sama que el 333333 (13 1133313313, semi· 33-
133313 3333 3333, 33 3331331313 333 3313 33313, 3333 3113333331

133
333313 3331333 3313313 13333 (13 333 33133 1133331 33, 3 333 3333133 33-

, 333 333133 31 33313313 33333113, 33 3313333333 333 3313313131313133-

,3313 3 3313131331 31313 333 humo. 0331133 33 133 selvas 331313333 33133
3333133133 1133311133 durante 3333113 333113, 333 333333 33333333 333-
31333 31 mido, 3333 3113313133 33333 (13133 331333 31 31 3313 3313133131-
31313 33 31 3133 31313333, 3333 133131331313133 bajo el 333333 31313 313 33-
31131333331333 13313 13 333 33 33 3131133333.

133 31 3133313313 (113 surgis 333 31 33131330313313,313 333333 habia
removido 3131331313 1311333313 3333133, 3333113 33 331333333313 3313 (13
133 selvas 333 3333313333 (1313333133 (1333333313133 33333331313313 13
111113331133333,3 333 (13133 11311333 333 33 3113331333, 3 33311333313 33-
1133313133333333 s las 3113333. 111333333 31333. Era 3331333333 13331·
1313313 1331313333333313, 13 3333 3333313 (13 31333333, 3333 3313 demas
8313333133313313 3113333 33 33 1133333 33 133 33333333 (13 33 331313.

Y 3313 333 333 vib los trajes [1331313133 3133 armas Τ 3333333 (13 13333, -

31333313 333 333 3333313, 33311633 13313 3 (131333 31 pusoz 13333 3333-
333313 33 dirigis ἐι 133 31133333 333 113313 3 333333 εκ( 13 33 3331133 ’
« 333 133 331333, 333 133 1113333, 3 33333131333133 3333133313 (131 31313,
3 313331333, (1 Τ3333331 1133311133 31 33331333313331133333; 333 3331313
1 33313313. Sisque 333333 (13 133 113133 (131331113333, 3 33311333 133-
« ber atacado 33 guerra 3133 Ρ333133 Ι113333; 3313 3331, 31 13313 33
3 13 3333333331 (13 3333133 33133333333331131313133 31333 3333331333
ι 33 3133313 3333. 813333333, 333311313313313333333 13333333 de 13333-
«1333 3 1131113 3113133; 3313333313 mis 33311133, 3 333313133333 333
133 33333, 33 333 33113113. 11333313333313 3 (1331333133 33, (13 ui} 333-
333113 3331313, 3 33311333 33 33331313 33313313333 13 33333. 111 mismo
padre 13331333313 (1313333333 3333133, (13 33 (1133133 31 36333 3 1333-
3311133 33 331333 333 3313 3333313 31331133.

111,(13333133(13 33113 33 miodo, dice esto: ‹Soy de mi 311313 113-Ι
a 33, 33333333331131 1313113 1111333, 33 mi nombre Aquemenides3 he
« marcha 3 3 ’13333 333 13133133 padre Adamasto (3 333113 13313333
1 333333331131313313331-31331, (31331333 3313 33333333333 3133113133
ι (13333 33133 3333133 3131133133, 3133133133 me 3133331333333 33 31333-
( 13 33133 (131 11131333. 13 inmensa 3333 331331333333 por (133133 333
α 13 3313131333 333 33 333333 3333313333. El mismo 33 31333133333
ι 1333 1( 133 3133333133 331333-3011133331 33331311 de las 1133333 33333-
« ’3313 3331311-13133 131311 (13333333133 33311313 3333 333113 133-
«1313313. 83 (33311333 333 133 33133133 3331333333333333313 133
e 131311333, 1331133331331 3333313, 13333113 13333 3331133 33 3333113 (131

 

