...33-

1 1313333313333 333 133113 31 133 costas 131 113133 3 311311 13333 333
3 33 33133. 113 33 131133 313313 1313313 1113331133 13133133 313 113-
1 &ffie’s 11111131111131131311 1111 (1113111111ῗέ3, 983121131113111111111111139111
‹ 13313133 31133313333 133 3333113133, 3 133133333 3331133 3333133333
3 31 3333 13 33333. Ea, pnes, daos 33133, 3 3133333 33313313 333
1111111111ῖὲ 101111111111111111111111111113111111
3 1131133, 131333333 31133333313131133133 33313133331113 costas Cre·
« 133333.» 131 13113313, 3333113331 33133 333313333333113331311333,
333 13331 Neptuno, 331333 1111311313313, 333 33333 33333113 133-
33313, 333 113333 1 1331111333 33313133.
11333331 rumorque 31 gese 1313313333 33333313 3313113 3311331313
133 331333 33133333, 3 que las 333133 13 (13313 3313133 31331333133;
que las casas se 333331331331133133 13 33331333, 3 que 133 33133133
33313133 13333333133. 11333333 133 3333133 13 03133133 331333333-
133 31 3111333, 3 3331333331 Naxos 333333 31133331333311333, 3 13
333131133133, 0113333313 113333 Ρ3333, 3133 01313133 3333331133 333 ,
31 333, 3133 331333133 33313133 13 numerosas 1133333. 1333131333 13
33113313 13133 3331333 333131133333 33313133 133333 3113333 33133-
133 1 que 1333333333 113313 3 133331333 3133133; 31313313 31313-
133313 3333333 3333 3133 33 13 marcha, 3333113 3133133331 1133
3311333331333313133 333133. ⁴
Por consi niente, 3331333 333313333133 333313 13 3133131 31333313,
3 1311333 13331333, 3 331331131 333113 33333313 3313 nombre, 1
3333 333 1333333 3 31333 333 13313133 33333113 13133 133133. 133
3333133313 133 33333 131133 3113 1331133 3313313 3333 311333, 3 13-
113 33333313 13 333313 13333333 13333 331313331333 333 3 333-
333, 33133 1313133333 33333, 333313 31111333313 13133113 333 333
33313 1313 3133131333, 333 3331331333 3 133113333333133313331331133
31331333, 3 11331313133, 31133 3331331333 333 33133133 33311133.
1131313133 13 dulce vida„ 1333313133 3333333333 1331311331133; 133-
bien 31 81313 333331 1 3333333133331131133333333,333113333 133 333-
133 3 13 33331313 3133 333313 31 33313313. 111 33133333 3313313113
13 33333 31 3313313 13 11313 33 0311313 333333313, 31 333, 1313313333
33 333133; qu& fin 13311 33331333 33333133 313333, 13 13313 33313
3333333 31 3331113 13 33133 13313333, 11313 13313 333133 133 333133.

1133 13 333133 31 333313 333313 113133 133313133133 3313313 11333.

133 33333133 31313313133 13333 3 Penates 1313133 que habia 333313
3333133 313 ’13333 313 33 3311313 1331333331313 313131, 3333313333
3333333 3313 313 3333 33333313 33 33 3331133, 33133133 333 mucha luz

m

13ιΙ; 3 333133 3333333133 3313313333 3333 13133133 113 31333. Por 333 3113311333-
3133- «El crudo 1331333 33 113133 33313 33313 33333133 13 13 3313133333 3131 1333313,
3 133 31331333 33331333 133 33311333311133.ι-113131331133 31313 13 33333133 13
11113; 33333 33 31 3131133 33333313 3331333 errante.»

1331 111 Sirius ;-1·]1 33133 Sirio 1 333 13 333313131133 13 1313313313 3331313313-
33313133 3313333 3333 rigorosus.

(v) 111 Veniam .·-111 333133 1313 1333331313113333131313 su 3313313.

 

